1684062935.540095090866089
1684062935.590095043182373
1684062935.640094995498657
1684062935.690094947814941
1684062935.740094900131226
1684062935.790095090866089
1684062935.840095043182373
1684062935.890094995498657
1684062935.940094947814941
1684062935.990094900131226
1684062936.040095090866089
1684062936.090095043182373
1684062936.140094995498657
1684062936.190094947814941
1684062936.240094900131226
1684062936.290095090866089
1684062936.340095043182373
1684062936.390094995498657
1684062936.440094947814941
1684062936.490094900131226
1684062936.540095090866089
1684062936.590095043182373
1684062936.640094995498657
1684062936.690094947814941
1684062936.740094900131226
1684062936.790095090866089
1684062936.840095043182373
1684062936.890094995498657
1684062936.940094947814941
1684062936.990094900131226
1684062937.040095090866089
1684062937.090095043182373
1684062937.140094995498657
1684062937.190094947814941
1684062937.240094900131226
1684062937.290095090866089
1684062937.340095043182373
1684062937.390094995498657
1684062937.440094947814941
1684062937.490094900131226
1684062937.540095090866089
1684062937.590095043182373
1684062937.640094995498657
1684062937.690094947814941
1684062937.740094900131226
1684062937.790095090866089
1684062937.840095043182373
1684062937.890094995498657
1684062937.940094947814941
1684062937.990094900131226
1684062938.040095090866089
1684062938.090095043182373
1684062938.140094995498657
1684062938.190094947814941
1684062938.240094900131226
1684062938.290095090866089
1684062938.340095043182373
1684062938.390094995498657
1684062938.440094947814941
1684062938.490094900131226
1684062938.540095090866089
1684062938.590095043182373
1684062938.640094995498657
1684062938.690094947814941
1684062938.740094900131226
1684062938.790095090866089
1684062938.840095043182373
1684062938.890094995498657
1684062938.940094947814941
1684062938.990094900131226
1684062939.040095090866089
1684062939.090095043182373
1684062939.140094995498657
1684062939.190094947814941
1684062939.240094900131226
1684062939.290095090866089
1684062939.340095043182373
1684062939.390094995498657
1684062939.440094947814941
1684062939.490094900131226
1684062939.540095090866089
1684062939.590095043182373
1684062939.640094995498657
1684062939.690094947814941
1684062939.740094900131226
1684062939.790095090866089
1684062939.840095043182373
1684062939.890094995498657
1684062939.940094947814941
1684062939.990094900131226
1684062940.040095090866089
1684062940.090095043182373
1684062940.140094995498657
1684062940.190094947814941
1684062940.240094900131226
1684062940.290095090866089
1684062940.340095043182373
1684062940.390094995498657
1684062940.440094947814941
1684062940.490094900131226
1684062940.540095090866089
1684062940.590095043182373
1684062940.640094995498657
1684062940.690094947814941
1684062940.740094900131226
1684062940.790095090866089
1684062940.840095043182373
1684062940.890094995498657
1684062940.940094947814941
1684062940.990094900131226
1684062941.040095090866089
1684062941.090095043182373
1684062941.140094995498657
1684062941.190094947814941
1684062941.240094900131226
1684062941.290095090866089
1684062941.340095043182373
1684062941.390094995498657
1684062941.440094947814941
1684062941.490094900131226
1684062941.540095090866089
1684062941.590095043182373
1684062941.640094995498657
1684062941.690094947814941
1684062941.740094900131226
1684062941.790095090866089
1684062941.840095043182373
1684062941.890094995498657
1684062941.940094947814941
1684062941.990094900131226
1684062942.040095090866089
1684062942.090095043182373
1684062942.140094995498657
1684062942.190094947814941
1684062942.240094900131226
1684062942.290095090866089
1684062942.340095043182373
1684062942.390094995498657
1684062942.440094947814941
1684062942.490094900131226
1684062942.540095090866089
1684062942.590095043182373
1684062942.640094995498657
1684062942.690094947814941
1684062942.740094900131226
1684062942.790095090866089
1684062942.840095043182373
1684062942.890094995498657
1684062942.940094947814941
1684062942.990094900131226
1684062943.040095090866089
1684062943.090095043182373
1684062943.140094995498657
1684062943.190094947814941
1684062943.240094900131226
1684062943.290095090866089
1684062943.340095043182373
1684062943.390094995498657
1684062943.440094947814941
1684062943.490094900131226
1684062943.540095090866089
1684062943.590095043182373
1684062943.640094995498657
1684062943.690094947814941
1684062943.740094900131226
1684062943.790095090866089
1684062943.840095043182373
1684062943.890094995498657
1684062943.940094947814941
1684062943.990094900131226
1684062944.040095090866089
1684062944.090095043182373
1684062944.140094995498657
1684062944.190094947814941
1684062944.240094900131226
1684062944.290095090866089
1684062944.340095043182373
1684062944.390094995498657
1684062944.440094947814941
1684062944.490094900131226
1684062944.540095090866089
1684062944.590095043182373
1684062944.640094995498657
1684062944.690094947814941
1684062944.740094900131226
1684062944.790095090866089
1684062944.840095043182373
1684062944.890094995498657
1684062944.940094947814941
1684062944.990094900131226
1684062945.040095090866089
1684062945.090095043182373
1684062945.140094995498657
1684062945.190094947814941
1684062945.240094900131226
1684062945.290095090866089
1684062945.340095043182373
1684062945.390094995498657
1684062945.440094947814941
1684062945.490094900131226
1684062945.540095090866089
1684062945.590095043182373
1684062945.640094995498657
1684062945.690094947814941
1684062945.740094900131226
1684062945.790095090866089
1684062945.840095043182373
1684062945.890094995498657
1684062945.940094947814941
1684062945.990094900131226
1684062946.040095090866089
1684062946.090095043182373
1684062946.140094995498657
1684062946.190094947814941
1684062946.240094900131226
1684062946.290095090866089
1684062946.340095043182373
1684062946.390094995498657
1684062946.440094947814941
1684062946.490094900131226
1684062946.540095090866089
1684062946.590095043182373
1684062946.640094995498657
1684062946.690094947814941
1684062946.740094900131226
1684062946.790095090866089
1684062946.840095043182373
1684062946.890094995498657
1684062946.940094947814941
1684062946.990094900131226
1684062947.040095090866089
1684062947.090095043182373
1684062947.140094995498657
1684062947.190094947814941
1684062947.240094900131226
1684062947.290095090866089
1684062947.340095043182373
1684062947.390094995498657
1684062947.440094947814941
1684062947.490094900131226
1684062947.540095090866089
1684062947.590095043182373
1684062947.640094995498657
1684062947.690094947814941
1684062947.740094900131226
1684062947.790095090866089
1684062947.840095043182373
1684062947.890094995498657
1684062947.940094947814941
1684062947.990094900131226
1684062948.040095090866089
1684062948.090095043182373
1684062948.140094995498657
1684062948.190094947814941
1684062948.240094900131226
1684062948.290095090866089
1684062948.340095043182373
1684062948.390094995498657
1684062948.440094947814941
1684062948.490094900131226
1684062948.540095090866089
1684062948.590095043182373
1684062948.640094995498657
1684062948.690094947814941
1684062948.740094900131226
1684062948.790095090866089
1684062948.840095043182373
1684062948.890094995498657
1684062948.940094947814941
1684062948.990094900131226
1684062949.040095090866089
1684062949.090095043182373
1684062949.140094995498657
1684062949.190094947814941
1684062949.240094900131226
1684062949.290095090866089
1684062949.340095043182373
1684062949.390094995498657
1684062949.440094947814941
1684062949.490094900131226
1684062949.540095090866089
1684062949.590095043182373
1684062949.640094995498657
1684062949.690094947814941
1684062949.740094900131226
1684062949.790095090866089
1684062949.840095043182373
1684062949.890094995498657
1684062949.940094947814941
1684062949.990094900131226
1684062950.040095090866089
1684062950.090095043182373
1684062950.140094995498657
1684062950.190094947814941
1684062950.240094900131226
1684062950.290095090866089
1684062950.340095043182373
1684062950.390094995498657
1684062950.440094947814941
1684062950.490094900131226
1684062950.540095090866089
1684062950.590095043182373
1684062950.640094995498657
1684062950.690094947814941
1684062950.740094900131226
1684062950.790095090866089
1684062950.840095043182373
1684062950.890094995498657
1684062950.940094947814941
1684062950.990094900131226
1684062951.040095090866089
1684062951.090095043182373
1684062951.140094995498657
1684062951.190094947814941
1684062951.240094900131226
1684062951.290095090866089
1684062951.340095043182373
1684062951.390094995498657
1684062951.440094947814941
1684062951.490094900131226
1684062951.540095090866089
1684062951.590095043182373
1684062951.640094995498657
1684062951.690094947814941
1684062951.740094900131226
1684062951.790095090866089
1684062951.840095043182373
1684062951.890094995498657
1684062951.940094947814941
1684062951.990094900131226
1684062952.040095090866089
1684062952.090095043182373
1684062952.140094995498657
1684062952.190094947814941
1684062952.240094900131226
1684062952.290095090866089
1684062952.340095043182373
1684062952.390094995498657
1684062952.440094947814941
1684062952.490094900131226
1684062952.540095090866089
1684062952.590095043182373
1684062952.640094995498657
1684062952.690094947814941
1684062952.740094900131226
1684062952.790095090866089
1684062952.840095043182373
1684062952.890094995498657
1684062952.940094947814941
1684062952.990094900131226
1684062953.040095090866089
1684062953.090095043182373
1684062953.140094995498657
1684062953.190094947814941
1684062953.240094900131226
1684062953.290095090866089
1684062953.340095043182373
1684062953.390094995498657
1684062953.440094947814941
1684062953.490094900131226
1684062953.540095090866089
1684062953.590095043182373
1684062953.640094995498657
1684062953.690094947814941
1684062953.740094900131226
1684062953.790095090866089
1684062953.840095043182373
1684062953.890094995498657
1684062953.940094947814941
1684062953.990094900131226
1684062954.040095090866089
1684062954.090095043182373
1684062954.140094995498657
1684062954.190094947814941
1684062954.240094900131226
1684062954.290095090866089
1684062954.340095043182373
1684062954.390094995498657
1684062954.440094947814941
1684062954.490094900131226
1684062954.540095090866089
1684062954.590095043182373
1684062954.640094995498657
1684062954.690094947814941
1684062954.740094900131226
1684062954.790095090866089
1684062954.840095043182373
1684062954.890094995498657
1684062954.940094947814941
1684062954.990094900131226
1684062955.040095090866089
1684062955.090095043182373
1684062955.140094995498657
1684062955.190094947814941
1684062955.240094900131226
1684062955.290095090866089
1684062955.340095043182373
1684062955.390094995498657
1684062955.440094947814941
1684062955.490094900131226
1684062955.540095090866089
1684062955.590095043182373
1684062955.640094995498657
1684062955.690094947814941
1684062955.740094900131226
1684062955.790095090866089
1684062955.840095043182373
1684062955.890094995498657
1684062955.940094947814941
1684062955.990094900131226
1684062956.040095090866089
1684062956.090095043182373
1684062956.140094995498657
1684062956.190094947814941
1684062956.240094900131226
1684062956.290095090866089
1684062956.340095043182373
1684062956.390094995498657
1684062956.440094947814941
1684062956.490094900131226
1684062956.540095090866089
1684062956.590095043182373
1684062956.640094995498657
1684062956.690094947814941
1684062956.740094900131226
1684062956.790095090866089
1684062956.840095043182373
1684062956.890094995498657
1684062956.940094947814941
1684062956.990094900131226
1684062957.040095090866089
1684062957.090095043182373
1684062957.140094995498657
1684062957.190094947814941
1684062957.240094900131226
1684062957.290095090866089
1684062957.340095043182373
1684062957.390094995498657
1684062957.440094947814941
1684062957.490094900131226
1684062957.540095090866089
1684062957.590095043182373
1684062957.640094995498657
1684062957.690094947814941
1684062957.740094900131226
1684062957.790095090866089
1684062957.840095043182373
1684062957.890094995498657
1684062957.940094947814941
1684062957.990094900131226
1684062958.040095090866089
1684062958.090095043182373
1684062958.140094995498657
1684062958.190094947814941
1684062958.240094900131226
1684062958.290095090866089
1684062958.340095043182373
1684062958.390094995498657
1684062958.440094947814941
1684062958.490094900131226
1684062958.540095090866089
1684062958.590095043182373
1684062958.640094995498657
1684062958.690094947814941
1684062958.740094900131226
1684062958.790095090866089
1684062958.840095043182373
1684062958.890094995498657
1684062958.940094947814941
1684062958.990094900131226
1684062959.040095090866089
1684062959.090095043182373
1684062959.140094995498657
1684062959.190094947814941
1684062959.240094900131226
1684062959.290095090866089
1684062959.340095043182373
1684062959.390094995498657
1684062959.440094947814941
1684062959.490094900131226
1684062959.540095090866089
1684062959.590095043182373
1684062959.640094995498657
1684062959.690094947814941
1684062959.740094900131226
1684062959.790095090866089
1684062959.840095043182373
1684062959.890094995498657
1684062959.940094947814941
1684062959.990094900131226
1684062960.040095090866089
1684062960.090095043182373
1684062960.140094995498657
1684062960.190094947814941
1684062960.240094900131226
1684062960.290095090866089
1684062960.340095043182373
1684062960.390094995498657
1684062960.440094947814941
1684062960.490094900131226
1684062960.540095090866089
1684062960.590095043182373
1684062960.640094995498657
1684062960.690094947814941
1684062960.740094900131226
1684062960.790095090866089
1684062960.840095043182373
1684062960.890094995498657
1684062960.940094947814941
1684062960.990094900131226
1684062961.040095090866089
1684062961.090095043182373
1684062961.140094995498657
1684062961.190094947814941
1684062961.240094900131226
1684062961.290095090866089
1684062961.340095043182373
1684062961.390094995498657
1684062961.440094947814941
1684062961.490094900131226
1684062961.540095090866089
1684062961.590095043182373
1684062961.640094995498657
1684062961.690094947814941
1684062961.740094900131226
1684062961.790095090866089
1684062961.840095043182373
1684062961.890094995498657
1684062961.940094947814941
1684062961.990094900131226
1684062962.040095090866089
1684062962.090095043182373
1684062962.140094995498657
1684062962.190094947814941
1684062962.240094900131226
1684062962.290095090866089
1684062962.340095043182373
1684062962.390094995498657
1684062962.440094947814941
1684062962.490094900131226
1684062962.540095090866089
1684062962.590095043182373
1684062962.640094995498657
1684062962.690094947814941
1684062962.740094900131226
1684062962.790095090866089
1684062962.840095043182373
1684062962.890094995498657
1684062962.940094947814941
1684062962.990094900131226
1684062963.040095090866089
1684062963.090095043182373
1684062963.140094995498657
1684062963.190094947814941
1684062963.240094900131226
1684062963.290095090866089
1684062963.340095043182373
1684062963.390094995498657
1684062963.440094947814941
1684062963.490094900131226
1684062963.540095090866089
1684062963.590095043182373
1684062963.640094995498657
1684062963.690094947814941
1684062963.740094900131226
1684062963.790095090866089
1684062963.840095043182373
1684062963.890094995498657
1684062963.940094947814941
1684062963.990094900131226
1684062964.040095090866089
1684062964.090095043182373
1684062964.140094995498657
1684062964.190094947814941
1684062964.240094900131226
1684062964.290095090866089
1684062964.340095043182373
1684062964.390094995498657
1684062964.440094947814941
1684062964.490094900131226
1684062964.540095090866089
1684062964.590095043182373
1684062964.640094995498657
1684062964.690094947814941
1684062964.740094900131226
1684062964.790095090866089
1684062964.840095043182373
1684062964.890094995498657
1684062964.940094947814941
1684062964.990094900131226
1684062965.040095090866089
1684062965.090095043182373
1684062965.140094995498657
1684062965.190094947814941
1684062965.240094900131226
1684062965.290095090866089
1684062965.340095043182373
1684062965.390094995498657
1684062965.440094947814941
1684062965.490094900131226
1684062965.540095090866089
1684062965.590095043182373
1684062965.640094995498657
1684062965.690094947814941
1684062965.740094900131226
1684062965.790095090866089
1684062965.840095043182373
1684062965.890094995498657
1684062965.940094947814941
1684062965.990094900131226
1684062966.040095090866089
1684062966.090095043182373
1684062966.140094995498657
1684062966.190094947814941
1684062966.240094900131226
1684062966.290095090866089
1684062966.340095043182373
1684062966.390094995498657
1684062966.440094947814941
1684062966.490094900131226
1684062966.540095090866089
1684062966.590095043182373
1684062966.640094995498657
1684062966.690094947814941
1684062966.740094900131226
1684062966.790095090866089
1684062966.840095043182373
1684062966.890094995498657
1684062966.940094947814941
1684062966.990094900131226
1684062967.040095090866089
1684062967.090095043182373
1684062967.140094995498657
1684062967.190094947814941
1684062967.240094900131226
1684062967.290095090866089
1684062967.340095043182373
1684062967.390094995498657
1684062967.440094947814941
1684062967.490094900131226
1684062967.540095090866089
1684062967.590095043182373
1684062967.640094995498657
1684062967.690094947814941
1684062967.740094900131226
1684062967.790095090866089
1684062967.840095043182373
1684062967.890094995498657
1684062967.940094947814941
1684062967.990094900131226
1684062968.040095090866089
1684062968.090095043182373
1684062968.140094995498657
1684062968.190094947814941
1684062968.240094900131226
1684062968.290095090866089
1684062968.340095043182373
1684062968.390094995498657
1684062968.440094947814941
1684062968.490094900131226
1684062968.540095090866089
1684062968.590095043182373
1684062968.640094995498657
1684062968.690094947814941
1684062968.740094900131226
1684062968.790095090866089
1684062968.840095043182373
1684062968.890094995498657
1684062968.940094947814941
1684062968.990094900131226
1684062969.040095090866089
1684062969.090095043182373
1684062969.140094995498657
1684062969.190094947814941
1684062969.240094900131226
1684062969.290095090866089
1684062969.340095043182373
1684062969.390094995498657
1684062969.440094947814941
1684062969.490094900131226
1684062969.540095090866089
1684062969.590095043182373
1684062969.640094995498657
1684062969.690094947814941
1684062969.740094900131226
1684062969.790095090866089
1684062969.840095043182373
1684062969.890094995498657
1684062969.940094947814941
1684062969.990094900131226
1684062970.040095090866089
1684062970.090095043182373
1684062970.140094995498657
1684062970.190094947814941
1684062970.240094900131226
1684062970.290095090866089
1684062970.340095043182373
1684062970.390094995498657
1684062970.440094947814941
1684062970.490094900131226
1684062970.540095090866089
1684062970.590095043182373
1684062970.640094995498657
1684062970.690094947814941
1684062970.740094900131226
1684062970.790095090866089
1684062970.840095043182373
1684062970.890094995498657
1684062970.940094947814941
1684062970.990094900131226
1684062971.040095090866089
1684062971.090095043182373
1684062971.140094995498657
1684062971.190094947814941
1684062971.240094900131226
1684062971.290095090866089
1684062971.340095043182373
1684062971.390094995498657
1684062971.440094947814941
1684062971.490094900131226
1684062971.540095090866089
1684062971.590095043182373
1684062971.640094995498657
1684062971.690094947814941
1684062971.740094900131226
1684062971.790095090866089
1684062971.840095043182373
1684062971.890094995498657
1684062971.940094947814941
1684062971.990094900131226
1684062972.040095090866089
1684062972.090095043182373
1684062972.140094995498657
1684062972.190094947814941
1684062972.240094900131226
1684062972.290095090866089
1684062972.340095043182373
1684062972.390094995498657
1684062972.440094947814941
1684062972.490094900131226
1684062972.540095090866089
1684062972.590095043182373
1684062972.640094995498657
1684062972.690094947814941
1684062972.740094900131226
1684062972.790095090866089
1684062972.840095043182373
1684062972.890094995498657
1684062972.940094947814941
1684062972.990094900131226
1684062973.040095090866089
1684062973.090095043182373
1684062973.140094995498657
1684062973.190094947814941
1684062973.240094900131226
1684062973.290095090866089
1684062973.340095043182373
1684062973.390094995498657
1684062973.440094947814941
1684062973.490094900131226
1684062973.540095090866089
1684062973.590095043182373
1684062973.640094995498657
1684062973.690094947814941
1684062973.740094900131226
1684062973.790095090866089
1684062973.840095043182373
1684062973.890094995498657
1684062973.940094947814941
1684062973.990094900131226
1684062974.040095090866089
1684062974.090095043182373
1684062974.140094995498657
1684062974.190094947814941
1684062974.240094900131226
1684062974.290095090866089
1684062974.340095043182373
1684062974.390094995498657
1684062974.440094947814941
1684062974.490094900131226
1684062974.540095090866089
1684062974.590095043182373
1684062974.640094995498657
1684062974.690094947814941
1684062974.740094900131226
1684062974.790095090866089
1684062974.840095043182373
1684062974.890094995498657
1684062974.940094947814941
1684062974.990094900131226
1684062975.040095090866089
1684062975.090095043182373
1684062975.140094995498657
1684062975.190094947814941
1684062975.240094900131226
1684062975.290095090866089
1684062975.340095043182373
1684062975.390094995498657
1684062975.440094947814941
1684062975.490094900131226
1684062975.540095090866089
1684062975.590095043182373
1684062975.640094995498657
1684062975.690094947814941
1684062975.740094900131226
1684062975.790095090866089
1684062975.840095043182373
1684062975.890094995498657
1684062975.940094947814941
1684062975.990094900131226
1684062976.040095090866089
1684062976.090095043182373
1684062976.140094995498657
1684062976.190094947814941
1684062976.240094900131226
1684062976.290095090866089
1684062976.340095043182373
1684062976.390094995498657
1684062976.440094947814941
1684062976.490094900131226
1684062976.540095090866089
1684062976.590095043182373
1684062976.640094995498657
1684062976.690094947814941
1684062976.740094900131226
1684062976.790095090866089
1684062976.840095043182373
1684062976.890094995498657
1684062976.940094947814941
1684062976.990094900131226
1684062977.040095090866089
1684062977.090095043182373
1684062977.140094995498657
1684062977.190094947814941
1684062977.240094900131226
1684062977.290095090866089
1684062977.340095043182373
1684062977.390094995498657
1684062977.440094947814941
1684062977.490094900131226
1684062977.540095090866089
1684062977.590095043182373
1684062977.640094995498657
1684062977.690094947814941
1684062977.740094900131226
1684062977.790095090866089
1684062977.840095043182373
1684062977.890094995498657
1684062977.940094947814941
1684062977.990094900131226
1684062978.040095090866089
1684062978.090095043182373
1684062978.140094995498657
1684062978.190094947814941
1684062978.240094900131226
1684062978.290095090866089
1684062978.340095043182373
1684062978.390094995498657
1684062978.440094947814941
1684062978.490094900131226
1684062978.540095090866089
1684062978.590095043182373
1684062978.640094995498657
1684062978.690094947814941
1684062978.740094900131226
1684062978.790095090866089
1684062978.840095043182373
1684062978.890094995498657
1684062978.940094947814941
1684062978.990094900131226
1684062979.040095090866089
1684062979.090095043182373
1684062979.140094995498657
1684062979.190094947814941
1684062979.240094900131226
1684062979.290095090866089
1684062979.340095043182373
1684062979.390094995498657
1684062979.440094947814941
1684062979.490094900131226
1684062979.540095090866089
1684062979.590095043182373
1684062979.640094995498657
1684062979.690094947814941
1684062979.740094900131226
1684062979.790095090866089
1684062979.840095043182373
1684062979.890094995498657
1684062979.940094947814941
1684062979.990094900131226
1684062980.040095090866089
1684062980.090095043182373
1684062980.140094995498657
1684062980.190094947814941
1684062980.240094900131226
1684062980.290095090866089
1684062980.340095043182373
1684062980.390094995498657
1684062980.440094947814941
1684062980.490094900131226
1684062980.540095090866089
1684062980.590095043182373
1684062980.640094995498657
1684062980.690094947814941
1684062980.740094900131226
1684062980.790095090866089
1684062980.840095043182373
1684062980.890094995498657
1684062980.940094947814941
1684062980.990094900131226
1684062981.040095090866089
1684062981.090095043182373
1684062981.140094995498657
1684062981.190094947814941
1684062981.240094900131226
1684062981.290095090866089
1684062981.340095043182373
1684062981.390094995498657
1684062981.440094947814941
1684062981.490094900131226
1684062981.540095090866089
1684062981.590095043182373
1684062981.640094995498657
1684062981.690094947814941
1684062981.740094900131226
1684062981.790095090866089
1684062981.840095043182373
1684062981.890094995498657
1684062981.940094947814941
1684062981.990094900131226
1684062982.040095090866089
1684062982.090095043182373
1684062982.140094995498657
1684062982.190094947814941
1684062982.240094900131226
1684062982.290095090866089
1684062982.340095043182373
1684062982.390094995498657
1684062982.440094947814941
1684062982.490094900131226
1684062982.540095090866089
1684062982.590095043182373
1684062982.640094995498657
1684062982.690094947814941
1684062982.740094900131226
1684062982.790095090866089
1684062982.840095043182373
1684062982.890094995498657
1684062982.940094947814941
1684062982.990094900131226
1684062983.040095090866089
1684062983.090095043182373
1684062983.140094995498657
1684062983.190094947814941
1684062983.240094900131226
1684062983.290095090866089
1684062983.340095043182373
1684062983.390094995498657
1684062983.440094947814941
1684062983.490094900131226
1684062983.540095090866089
1684062983.590095043182373
1684062983.640094995498657
1684062983.690094947814941
1684062983.740094900131226
1684062983.790095090866089
1684062983.840095043182373
1684062983.890094995498657
1684062983.940094947814941
1684062983.990094900131226
1684062984.040095090866089
1684062984.090095043182373
1684062984.140094995498657
1684062984.190094947814941
1684062984.240094900131226
1684062984.290095090866089
1684062984.340095043182373
1684062984.390094995498657
1684062984.440094947814941
1684062984.490094900131226
1684062984.540095090866089
1684062984.590095043182373
1684062984.640094995498657
1684062984.690094947814941
1684062984.740094900131226
1684062984.790095090866089
1684062984.840095043182373
1684062984.890094995498657
1684062984.940094947814941
1684062984.990094900131226
1684062985.040095090866089
1684062985.090095043182373
1684062985.140094995498657
1684062985.190094947814941
1684062985.240094900131226
1684062985.290095090866089
1684062985.340095043182373
1684062985.390094995498657
1684062985.440094947814941
1684062985.490094900131226
1684062985.540095090866089
1684062985.590095043182373
1684062985.640094995498657
1684062985.690094947814941
1684062985.740094900131226
1684062985.790095090866089
1684062985.840095043182373
1684062985.890094995498657
1684062985.940094947814941
1684062985.990094900131226
1684062986.040095090866089
1684062986.090095043182373
1684062986.140094995498657
1684062986.190094947814941
1684062986.240094900131226
1684062986.290095090866089
1684062986.340095043182373
1684062986.390094995498657
1684062986.440094947814941
1684062986.490094900131226
1684062986.540095090866089
1684062986.590095043182373
1684062986.640094995498657
1684062986.690094947814941
1684062986.740094900131226
1684062986.790095090866089
1684062986.840095043182373
1684062986.890094995498657
1684062986.940094947814941
1684062986.990094900131226
1684062987.040095090866089
1684062987.090095043182373
1684062987.140094995498657
1684062987.190094947814941
1684062987.240094900131226
1684062987.290095090866089
1684062987.340095043182373
1684062987.390094995498657
1684062987.440094947814941
1684062987.490094900131226
1684062987.540095090866089
1684062987.590095043182373
1684062987.640094995498657
1684062987.690094947814941
1684062987.740094900131226
1684062987.790095090866089
1684062987.840095043182373
1684062987.890094995498657
1684062987.940094947814941
1684062987.990094900131226
1684062988.040095090866089
1684062988.090095043182373
1684062988.140094995498657
1684062988.190094947814941
1684062988.240094900131226
1684062988.290095090866089
1684062988.340095043182373
1684062988.390094995498657
1684062988.440094947814941
1684062988.490094900131226
1684062988.540095090866089
1684062988.590095043182373
1684062988.640094995498657
1684062988.690094947814941
1684062988.740094900131226
1684062988.790095090866089
1684062988.840095043182373
1684062988.890094995498657
1684062988.940094947814941
1684062988.990094900131226
1684062989.040095090866089
1684062989.090095043182373
1684062989.140094995498657
1684062989.190094947814941
1684062989.240094900131226
1684062989.290095090866089
1684062989.340095043182373
1684062989.390094995498657
1684062989.440094947814941
1684062989.490094900131226
1684062989.540095090866089
1684062989.590095043182373
1684062989.640094995498657
1684062989.690094947814941
1684062989.740094900131226
1684062989.790095090866089
1684062989.840095043182373
1684062989.890094995498657
1684062989.940094947814941
1684062989.990094900131226
1684062990.040095090866089
1684062990.090095043182373
1684062990.140094995498657
1684062990.190094947814941
1684062990.240094900131226
1684062990.290095090866089
1684062990.340095043182373
1684062990.390094995498657
1684062990.440094947814941
1684062990.490094900131226
1684062990.540095090866089
1684062990.590095043182373
1684062990.640094995498657
1684062990.690094947814941
1684062990.740094900131226
1684062990.790095090866089
1684062990.840095043182373
1684062990.890094995498657
1684062990.940094947814941
1684062990.990094900131226
1684062991.040095090866089
1684062991.090095043182373
1684062991.140094995498657
1684062991.190094947814941
1684062991.240094900131226
1684062991.290095090866089
1684062991.340095043182373
1684062991.390094995498657
1684062991.440094947814941
1684062991.490094900131226
1684062991.540095090866089
1684062991.590095043182373
1684062991.640094995498657
1684062991.690094947814941
1684062991.740094900131226
1684062991.790095090866089
1684062991.840095043182373
1684062991.890094995498657
1684062991.940094947814941
1684062991.990094900131226
1684062992.040095090866089
1684062992.090095043182373
1684062992.140094995498657
1684062992.190094947814941
1684062992.240094900131226
1684062992.290095090866089
1684062992.340095043182373
1684062992.390094995498657
1684062992.440094947814941
1684062992.490094900131226
1684062992.540095090866089
1684062992.590095043182373
1684062992.640094995498657
1684062992.690094947814941
1684062992.740094900131226
1684062992.790095090866089
1684062992.840095043182373
1684062992.890094995498657
1684062992.940094947814941
1684062992.990094900131226
1684062993.040095090866089
1684062993.090095043182373
1684062993.140094995498657
1684062993.190094947814941
1684062993.240094900131226
1684062993.290095090866089
1684062993.340095043182373
1684062993.390094995498657
1684062993.440094947814941
1684062993.490094900131226
1684062993.540095090866089
1684062993.590095043182373
1684062993.640094995498657
1684062993.690094947814941
1684062993.740094900131226
1684062993.790095090866089
1684062993.840095043182373
1684062993.890094995498657
1684062993.940094947814941
1684062993.990094900131226
1684062994.040095090866089
1684062994.090095043182373
1684062994.140094995498657
1684062994.190094947814941
1684062994.240094900131226
1684062994.290095090866089
1684062994.340095043182373
1684062994.390094995498657
1684062994.440094947814941
1684062994.490094900131226
1684062994.540095090866089
1684062994.590095043182373
1684062994.640094995498657
1684062994.690094947814941
1684062994.740094900131226
1684062994.790095090866089
1684062994.840095043182373
1684062994.890094995498657
1684062994.940094947814941
1684062994.990094900131226
1684062995.040095090866089
1684062995.090095043182373
1684062995.140094995498657
1684062995.190094947814941
1684062995.240094900131226
1684062995.290095090866089
1684062995.340095043182373
1684062995.390094995498657
1684062995.440094947814941
1684062995.490094900131226
1684062995.540095090866089
1684062995.590095043182373
1684062995.640094995498657
1684062995.690094947814941
1684062995.740094900131226
1684062995.790095090866089
1684062995.840095043182373
1684062995.890094995498657
1684062995.940094947814941
1684062995.990094900131226
1684062996.040095090866089
1684062996.090095043182373
1684062996.140094995498657
1684062996.190094947814941
1684062996.240094900131226
1684062996.290095090866089
1684062996.340095043182373
1684062996.390094995498657
1684062996.440094947814941
1684062996.490094900131226
1684062996.540095090866089
1684062996.590095043182373
1684062996.640094995498657
1684062996.690094947814941
1684062996.740094900131226
1684062996.790095090866089
1684062996.840095043182373
1684062996.890094995498657
1684062996.940094947814941
1684062996.990094900131226
1684062997.040095090866089
1684062997.090095043182373
1684062997.140094995498657
1684062997.190094947814941
1684062997.240094900131226
1684062997.290095090866089
1684062997.340095043182373
1684062997.390094995498657
1684062997.440094947814941
1684062997.490094900131226
1684062997.540095090866089
1684062997.590095043182373
1684062997.640094995498657
1684062997.690094947814941
1684062997.740094900131226
1684062997.790095090866089
1684062997.840095043182373
1684062997.890094995498657
1684062997.940094947814941
1684062997.990094900131226
1684062998.040095090866089
1684062998.090095043182373
1684062998.140094995498657
1684062998.190094947814941
1684062998.240094900131226
1684062998.290095090866089
1684062998.340095043182373
1684062998.390094995498657
1684062998.440094947814941
1684062998.490094900131226
1684062998.540095090866089
1684062998.590095043182373
1684062998.640094995498657
1684062998.690094947814941
1684062998.740094900131226
1684062998.790095090866089
1684062998.840095043182373
1684062998.890094995498657
1684062998.940094947814941
1684062998.990094900131226
1684062999.040095090866089
1684062999.090095043182373
1684062999.140094995498657
1684062999.190094947814941
1684062999.240094900131226
1684062999.290095090866089
1684062999.340095043182373
1684062999.390094995498657
1684062999.440094947814941
1684062999.490094900131226
1684062999.540095090866089
1684062999.590095043182373
1684062999.640094995498657
1684062999.690094947814941
1684062999.740094900131226
1684062999.790095090866089
1684062999.840095043182373
1684062999.890094995498657
1684062999.940094947814941
1684062999.990094900131226
1684063000.040095090866089
1684063000.090095043182373
1684063000.140094995498657
1684063000.190094947814941
1684063000.240094900131226
1684063000.290095090866089
1684063000.340095043182373
1684063000.390094995498657
1684063000.440094947814941
1684063000.490094900131226
1684063000.540095090866089
1684063000.590095043182373
1684063000.640094995498657
1684063000.690094947814941
1684063000.740094900131226
1684063000.790095090866089
1684063000.840095043182373
1684063000.890094995498657
1684063000.940094947814941
1684063000.990094900131226
1684063001.040095090866089
1684063001.090095043182373
1684063001.140094995498657
1684063001.190094947814941
1684063001.240094900131226
1684063001.290095090866089
1684063001.340095043182373
1684063001.390094995498657
1684063001.440094947814941
1684063001.490094900131226
1684063001.540095090866089
1684063001.590095043182373
1684063001.640094995498657
1684063001.690094947814941
1684063001.740094900131226
1684063001.790095090866089
1684063001.840095043182373
1684063001.890094995498657
1684063001.940094947814941
1684063001.990094900131226
1684063002.040095090866089
1684063002.090095043182373
1684063002.140094995498657
1684063002.190094947814941
1684063002.240094900131226
1684063002.290095090866089
1684063002.340095043182373
1684063002.390094995498657
1684063002.440094947814941
1684063002.490094900131226
1684063002.540095090866089
1684063002.590095043182373
1684063002.640094995498657
1684063002.690094947814941
1684063002.740094900131226
1684063002.790095090866089
1684063002.840095043182373
1684063002.890094995498657
1684063002.940094947814941
1684063002.990094900131226
1684063003.040095090866089
1684063003.090095043182373
1684063003.140094995498657
1684063003.190094947814941
1684063003.240094900131226
1684063003.290095090866089
1684063003.340095043182373
1684063003.390094995498657
1684063003.440094947814941
1684063003.490094900131226
1684063003.540095090866089
1684063003.590095043182373
1684063003.640094995498657
1684063003.690094947814941
1684063003.740094900131226
1684063003.790095090866089
1684063003.840095043182373
1684063003.890094995498657
1684063003.940094947814941
1684063003.990094900131226
1684063004.040095090866089
1684063004.090095043182373
1684063004.140094995498657
1684063004.190094947814941
1684063004.240094900131226
1684063004.290095090866089
1684063004.340095043182373
1684063004.390094995498657
1684063004.440094947814941
1684063004.490094900131226
1684063004.540095090866089
1684063004.590095043182373
1684063004.640094995498657
1684063004.690094947814941
1684063004.740094900131226
1684063004.790095090866089
1684063004.840095043182373
1684063004.890094995498657
1684063004.940094947814941
1684063004.990094900131226
1684063005.040095090866089
1684063005.090095043182373
1684063005.140094995498657
1684063005.190094947814941
1684063005.240094900131226
1684063005.290095090866089
1684063005.340095043182373
1684063005.390094995498657
1684063005.440094947814941
1684063005.490094900131226
1684063005.540095090866089
1684063005.590095043182373
1684063005.640094995498657
1684063005.690094947814941
1684063005.740094900131226
1684063005.790095090866089
1684063005.840095043182373
1684063005.890094995498657
1684063005.940094947814941
1684063005.990094900131226
1684063006.040095090866089
1684063006.090095043182373
1684063006.140094995498657
1684063006.190094947814941
1684063006.240094900131226
1684063006.290095090866089
1684063006.340095043182373
1684063006.390094995498657
1684063006.440094947814941
1684063006.490094900131226
1684063006.540095090866089
1684063006.590095043182373
1684063006.640094995498657
1684063006.690094947814941
1684063006.740094900131226
1684063006.790095090866089
1684063006.840095043182373
1684063006.890094995498657
1684063006.940094947814941
1684063006.990094900131226
1684063007.040095090866089
1684063007.090095043182373
1684063007.140094995498657
1684063007.190094947814941
1684063007.240094900131226
1684063007.290095090866089
1684063007.340095043182373
1684063007.390094995498657
1684063007.440094947814941
1684063007.490094900131226
1684063007.540095090866089
1684063007.590095043182373
1684063007.640094995498657
1684063007.690094947814941
1684063007.740094900131226
1684063007.790095090866089
1684063007.840095043182373
1684063007.890094995498657
1684063007.940094947814941
1684063007.990094900131226
1684063008.040095090866089
1684063008.090095043182373
1684063008.140094995498657
1684063008.190094947814941
1684063008.240094900131226
1684063008.290095090866089
1684063008.340095043182373
1684063008.390094995498657
1684063008.440094947814941
1684063008.490094900131226
1684063008.540095090866089
1684063008.590095043182373
1684063008.640094995498657
1684063008.690094947814941
1684063008.740094900131226
1684063008.790095090866089
1684063008.840095043182373
1684063008.890094995498657
1684063008.940094947814941
1684063008.990094900131226
1684063009.040095090866089
1684063009.090095043182373
1684063009.140094995498657
1684063009.190094947814941
1684063009.240094900131226
1684063009.290095090866089
1684063009.340095043182373
1684063009.390094995498657
1684063009.440094947814941
1684063009.490094900131226
1684063009.540095090866089
1684063009.590095043182373
1684063009.640094995498657
1684063009.690094947814941
1684063009.740094900131226
1684063009.790095090866089
1684063009.840095043182373
1684063009.890094995498657
1684063009.940094947814941
1684063009.990094900131226
1684063010.040095090866089
1684063010.090095043182373
1684063010.140094995498657
1684063010.190094947814941
1684063010.240094900131226
1684063010.290095090866089
1684063010.340095043182373
1684063010.390094995498657
1684063010.440094947814941
1684063010.490094900131226
1684063010.540095090866089
1684063010.590095043182373
1684063010.640094995498657
1684063010.690094947814941
1684063010.740094900131226
1684063010.790095090866089
1684063010.840095043182373
1684063010.890094995498657
1684063010.940094947814941
1684063010.990094900131226
1684063011.040095090866089
1684063011.090095043182373
1684063011.140094995498657
1684063011.190094947814941
1684063011.240094900131226
1684063011.290095090866089
1684063011.340095043182373
1684063011.390094995498657
1684063011.440094947814941
1684063011.490094900131226
1684063011.540095090866089
1684063011.590095043182373
1684063011.640094995498657
1684063011.690094947814941
1684063011.740094900131226
1684063011.790095090866089
1684063011.840095043182373
1684063011.890094995498657
1684063011.940094947814941
1684063011.990094900131226
1684063012.040095090866089
1684063012.090095043182373
1684063012.140094995498657
1684063012.190094947814941
1684063012.240094900131226
1684063012.290095090866089
1684063012.340095043182373
1684063012.390094995498657
1684063012.440094947814941
1684063012.490094900131226
1684063012.540095090866089
1684063012.590095043182373
1684063012.640094995498657
1684063012.690094947814941
1684063012.740094900131226
1684063012.790095090866089
1684063012.840095043182373
1684063012.890094995498657
1684063012.940094947814941
1684063012.990094900131226
1684063013.040095090866089
1684063013.090095043182373
1684063013.140094995498657
1684063013.190094947814941
1684063013.240094900131226
1684063013.290095090866089
1684063013.340095043182373
1684063013.390094995498657
1684063013.440094947814941
1684063013.490094900131226
1684063013.540095090866089
1684063013.590095043182373
1684063013.640094995498657
1684063013.690094947814941
1684063013.740094900131226
1684063013.790095090866089
1684063013.840095043182373
1684063013.890094995498657
1684063013.940094947814941
1684063013.990094900131226
1684063014.040095090866089
1684063014.090095043182373
1684063014.140094995498657
1684063014.190094947814941
1684063014.240094900131226
1684063014.290095090866089
1684063014.340095043182373
1684063014.390094995498657
1684063014.440094947814941
1684063014.490094900131226
1684063014.540095090866089
1684063014.590095043182373
1684063014.640094995498657
1684063014.690094947814941
1684063014.740094900131226
1684063014.790095090866089
1684063014.840095043182373
1684063014.890094995498657
1684063014.940094947814941
1684063014.990094900131226
1684063015.040095090866089
1684063015.090095043182373
1684063015.140094995498657
1684063015.190094947814941
1684063015.240094900131226
1684063015.290095090866089
1684063015.340095043182373
1684063015.390094995498657
1684063015.440094947814941
1684063015.490094900131226
1684063015.540095090866089
1684063015.590095043182373
1684063015.640094995498657
1684063015.690094947814941
1684063015.740094900131226
1684063015.790095090866089
1684063015.840095043182373
1684063015.890094995498657
1684063015.940094947814941
1684063015.990094900131226
1684063016.040095090866089
1684063016.090095043182373
1684063016.140094995498657
1684063016.190094947814941
1684063016.240094900131226
1684063016.290095090866089
1684063016.340095043182373
1684063016.390094995498657
1684063016.440094947814941
1684063016.490094900131226
1684063016.540095090866089
1684063016.590095043182373
1684063016.640094995498657
1684063016.690094947814941
1684063016.740094900131226
1684063016.790095090866089
1684063016.840095043182373
1684063016.890094995498657
1684063016.940094947814941
1684063016.990094900131226
1684063017.040095090866089
1684063017.090095043182373
1684063017.140094995498657
1684063017.190094947814941
1684063017.240094900131226
1684063017.290095090866089
1684063017.340095043182373
1684063017.390094995498657
1684063017.440094947814941
1684063017.490094900131226
1684063017.540095090866089
1684063017.590095043182373
1684063017.640094995498657
1684063017.690094947814941
1684063017.740094900131226
1684063017.790095090866089
1684063017.840095043182373
1684063017.890094995498657
1684063017.940094947814941
1684063017.990094900131226
1684063018.040095090866089
1684063018.090095043182373
1684063018.140094995498657
1684063018.190094947814941
1684063018.240094900131226
1684063018.290095090866089
1684063018.340095043182373
1684063018.390094995498657
1684063018.440094947814941
1684063018.490094900131226
1684063018.540095090866089
1684063018.590095043182373
1684063018.640094995498657
1684063018.690094947814941
1684063018.740094900131226
1684063018.790095090866089
1684063018.840095043182373
1684063018.890094995498657
1684063018.940094947814941
1684063018.990094900131226
1684063019.040095090866089
1684063019.090095043182373
1684063019.140094995498657
1684063019.190094947814941
1684063019.240094900131226
1684063019.290095090866089
1684063019.340095043182373
1684063019.390094995498657
1684063019.440094947814941
1684063019.490094900131226
1684063019.540095090866089
1684063019.590095043182373
1684063019.640094995498657
1684063019.690094947814941
1684063019.740094900131226
1684063019.790095090866089
1684063019.840095043182373
1684063019.890094995498657
1684063019.940094947814941
1684063019.990094900131226
1684063020.040095090866089
1684063020.090095043182373
1684063020.140094995498657
1684063020.190094947814941
1684063020.240094900131226
1684063020.290095090866089
1684063020.340095043182373
1684063020.390094995498657
1684063020.440094947814941
1684063020.490094900131226
1684063020.540095090866089
1684063020.590095043182373
1684063020.640094995498657
1684063020.690094947814941
1684063020.740094900131226
1684063020.790095090866089
1684063020.840095043182373
1684063020.890094995498657
1684063020.940094947814941
1684063020.990094900131226
1684063021.040095090866089
1684063021.090095043182373
1684063021.140094995498657
1684063021.190094947814941
1684063021.240094900131226
1684063021.290095090866089
1684063021.340095043182373
1684063021.390094995498657
1684063021.440094947814941
1684063021.490094900131226
1684063021.540095090866089
1684063021.590095043182373
1684063021.640094995498657
1684063021.690094947814941
1684063021.740094900131226
1684063021.790095090866089
1684063021.840095043182373
1684063021.890094995498657
1684063021.940094947814941
1684063021.990094900131226
1684063022.040095090866089
1684063022.090095043182373
1684063022.140094995498657
1684063022.190094947814941
1684063022.240094900131226
1684063022.290095090866089
1684063022.340095043182373
1684063022.390094995498657
1684063022.440094947814941
1684063022.490094900131226
1684063022.540095090866089
1684063022.590095043182373
1684063022.640094995498657
1684063022.690094947814941
1684063022.740094900131226
1684063022.790095090866089
1684063022.840095043182373
1684063022.890094995498657
1684063022.940094947814941
1684063022.990094900131226
1684063023.040095090866089
1684063023.090095043182373
1684063023.140094995498657
1684063023.190094947814941
1684063023.240094900131226
1684063023.290095090866089
1684063023.340095043182373
1684063023.390094995498657
1684063023.440094947814941
1684063023.490094900131226
1684063023.540095090866089
1684063023.590095043182373
1684063023.640094995498657
1684063023.690094947814941
1684063023.740094900131226
1684063023.790095090866089
1684063023.840095043182373
1684063023.890094995498657
1684063023.940094947814941
1684063023.990094900131226
1684063024.040095090866089
1684063024.090095043182373
1684063024.140094995498657
1684063024.190094947814941
1684063024.240094900131226
1684063024.290095090866089
1684063024.340095043182373
1684063024.390094995498657
1684063024.440094947814941
1684063024.490094900131226
1684063024.540095090866089
1684063024.590095043182373
1684063024.640094995498657
1684063024.690094947814941
1684063024.740094900131226
1684063024.790095090866089
1684063024.840095043182373
1684063024.890094995498657
1684063024.940094947814941
1684063024.990094900131226
1684063025.040095090866089
1684063025.090095043182373
1684063025.140094995498657
1684063025.190094947814941
1684063025.240094900131226
1684063025.290095090866089
1684063025.340095043182373
1684063025.390094995498657
1684063025.440094947814941
1684063025.490094900131226
1684063025.540095090866089
1684063025.590095043182373
1684063025.640094995498657
1684063025.690094947814941
1684063025.740094900131226
1684063025.790095090866089
1684063025.840095043182373
1684063025.890094995498657
1684063025.940094947814941
1684063025.990094900131226
1684063026.040095090866089
1684063026.090095043182373
1684063026.140094995498657
1684063026.190094947814941
1684063026.240094900131226
1684063026.290095090866089
1684063026.340095043182373
1684063026.390094995498657
1684063026.440094947814941
1684063026.490094900131226
1684063026.540095090866089
1684063026.590095043182373
1684063026.640094995498657
1684063026.690094947814941
1684063026.740094900131226
1684063026.790095090866089
1684063026.840095043182373
1684063026.890094995498657
1684063026.940094947814941
1684063026.990094900131226
1684063027.040095090866089
1684063027.090095043182373
1684063027.140094995498657
1684063027.190094947814941
1684063027.240094900131226
1684063027.290095090866089
1684063027.340095043182373
1684063027.390094995498657
1684063027.440094947814941
1684063027.490094900131226
1684063027.540095090866089
1684063027.590095043182373
1684063027.640094995498657
1684063027.690094947814941
1684063027.740094900131226
1684063027.790095090866089
1684063027.840095043182373
1684063027.890094995498657
1684063027.940094947814941
1684063027.990094900131226
1684063028.040095090866089
1684063028.090095043182373
1684063028.140094995498657
1684063028.190094947814941
1684063028.240094900131226
1684063028.290095090866089
1684063028.340095043182373
1684063028.390094995498657
1684063028.440094947814941
1684063028.490094900131226
1684063028.540095090866089
1684063028.590095043182373
1684063028.640094995498657
1684063028.690094947814941
1684063028.740094900131226
1684063028.790095090866089
1684063028.840095043182373
1684063028.890094995498657
1684063028.940094947814941
1684063028.990094900131226
1684063029.040095090866089
1684063029.090095043182373
1684063029.140094995498657
1684063029.190094947814941
1684063029.240094900131226
1684063029.290095090866089
1684063029.340095043182373
1684063029.390094995498657
1684063029.440094947814941
1684063029.490094900131226
1684063029.540095090866089
1684063029.590095043182373
1684063029.640094995498657
1684063029.690094947814941
1684063029.740094900131226
1684063029.790095090866089
1684063029.840095043182373
1684063029.890094995498657
1684063029.940094947814941
1684063029.990094900131226
1684063030.040095090866089
1684063030.090095043182373
1684063030.140094995498657
1684063030.190094947814941
1684063030.240094900131226
1684063030.290095090866089
1684063030.340095043182373
1684063030.390094995498657
1684063030.440094947814941
1684063030.490094900131226
1684063030.540095090866089
1684063030.590095043182373
1684063030.640094995498657
1684063030.690094947814941
1684063030.740094900131226
1684063030.790095090866089
1684063030.840095043182373
1684063030.890094995498657
1684063030.940094947814941
1684063030.990094900131226
1684063031.040095090866089
1684063031.090095043182373
1684063031.140094995498657
1684063031.190094947814941
1684063031.240094900131226
1684063031.290095090866089
1684063031.340095043182373
1684063031.390094995498657
1684063031.440094947814941
1684063031.490094900131226
1684063031.540095090866089
1684063031.590095043182373
1684063031.640094995498657
1684063031.690094947814941
1684063031.740094900131226
1684063031.790095090866089
1684063031.840095043182373
1684063031.890094995498657
1684063031.940094947814941
1684063031.990094900131226
1684063032.040095090866089
1684063032.090095043182373
1684063032.140094995498657
1684063032.190094947814941
1684063032.240094900131226
1684063032.290095090866089
1684063032.340095043182373
1684063032.390094995498657
1684063032.440094947814941
1684063032.490094900131226
1684063032.540095090866089
1684063032.590095043182373
1684063032.640094995498657
1684063032.690094947814941
1684063032.740094900131226
1684063032.790095090866089
1684063032.840095043182373
1684063032.890094995498657
1684063032.940094947814941
1684063032.990094900131226
1684063033.040095090866089
1684063033.090095043182373
1684063033.140094995498657
1684063033.190094947814941
1684063033.240094900131226
1684063033.290095090866089
1684063033.340095043182373
1684063033.390094995498657
1684063033.440094947814941
1684063033.490094900131226
1684063033.540095090866089
1684063033.590095043182373
1684063033.640094995498657
1684063033.690094947814941
1684063033.740094900131226
1684063033.790095090866089
1684063033.840095043182373
1684063033.890094995498657
1684063033.940094947814941
1684063033.990094900131226
1684063034.040095090866089
1684063034.090095043182373
1684063034.140094995498657
1684063034.190094947814941
1684063034.240094900131226
1684063034.290095090866089
1684063034.340095043182373
1684063034.390094995498657
1684063034.440094947814941
1684063034.490094900131226
1684063034.540095090866089
1684063034.590095043182373
1684063034.640094995498657
1684063034.690094947814941
1684063034.740094900131226
1684063034.790095090866089
1684063034.840095043182373
1684063034.890094995498657
1684063034.940094947814941
1684063034.990094900131226
1684063035.040095090866089
1684063035.090095043182373
1684063035.140094995498657
1684063035.190094947814941
1684063035.240094900131226
1684063035.290095090866089
1684063035.340095043182373
1684063035.390094995498657
1684063035.440094947814941
1684063035.490094900131226
1684063035.540095090866089
1684063035.590095043182373
1684063035.640094995498657
1684063035.690094947814941
1684063035.740094900131226
1684063035.790095090866089
1684063035.840095043182373
1684063035.890094995498657
1684063035.940094947814941
1684063035.990094900131226
1684063036.040095090866089
1684063036.090095043182373
1684063036.140094995498657
1684063036.190094947814941
1684063036.240094900131226
1684063036.290095090866089
1684063036.340095043182373
1684063036.390094995498657
1684063036.440094947814941
1684063036.490094900131226
1684063036.540095090866089
1684063036.590095043182373
1684063036.640094995498657
1684063036.690094947814941
1684063036.740094900131226
1684063036.790095090866089
1684063036.840095043182373
1684063036.890094995498657
1684063036.940094947814941
1684063036.990094900131226
1684063037.040095090866089
1684063037.090095043182373
1684063037.140094995498657
1684063037.190094947814941
1684063037.240094900131226
1684063037.290095090866089
1684063037.340095043182373
1684063037.390094995498657
1684063037.440094947814941
1684063037.490094900131226
1684063037.540095090866089
1684063037.590095043182373
1684063037.640094995498657
1684063037.690094947814941
1684063037.740094900131226
1684063037.790095090866089
1684063037.840095043182373
1684063037.890094995498657
1684063037.940094947814941
1684063037.990094900131226
1684063038.040095090866089
1684063038.090095043182373
1684063038.140094995498657
1684063038.190094947814941
1684063038.240094900131226
1684063038.290095090866089
1684063038.340095043182373
1684063038.390094995498657
1684063038.440094947814941
1684063038.490094900131226
1684063038.540095090866089
1684063038.590095043182373
1684063038.640094995498657
1684063038.690094947814941
1684063038.740094900131226
1684063038.790095090866089
1684063038.840095043182373
1684063038.890094995498657
1684063038.940094947814941
1684063038.990094900131226
1684063039.040095090866089
1684063039.090095043182373
1684063039.140094995498657
1684063039.190094947814941
1684063039.240094900131226
1684063039.290095090866089
1684063039.340095043182373
1684063039.390094995498657
1684063039.440094947814941
1684063039.490094900131226
1684063039.540095090866089
1684063039.590095043182373
1684063039.640094995498657
1684063039.690094947814941
1684063039.740094900131226
1684063039.790095090866089
1684063039.840095043182373
1684063039.890094995498657
1684063039.940094947814941
1684063039.990094900131226
1684063040.040095090866089
1684063040.090095043182373
1684063040.140094995498657
1684063040.190094947814941
1684063040.240094900131226
1684063040.290095090866089
1684063040.340095043182373
1684063040.390094995498657
1684063040.440094947814941
1684063040.490094900131226
1684063040.540095090866089
1684063040.590095043182373
1684063040.640094995498657
1684063040.690094947814941
1684063040.740094900131226
1684063040.790095090866089
1684063040.840095043182373
1684063040.890094995498657
1684063040.940094947814941
1684063040.990094900131226
1684063041.040095090866089
1684063041.090095043182373
1684063041.140094995498657
1684063041.190094947814941
1684063041.240094900131226
1684063041.290095090866089
1684063041.340095043182373
1684063041.390094995498657
1684063041.440094947814941
1684063041.490094900131226
1684063041.540095090866089
1684063041.590095043182373
1684063041.640094995498657
1684063041.690094947814941
1684063041.740094900131226
1684063041.790095090866089
1684063041.840095043182373
1684063041.890094995498657
1684063041.940094947814941
1684063041.990094900131226
1684063042.040095090866089
1684063042.090095043182373
1684063042.140094995498657
1684063042.190094947814941
1684063042.240094900131226
1684063042.290095090866089
1684063042.340095043182373
1684063042.390094995498657
1684063042.440094947814941
1684063042.490094900131226
1684063042.540095090866089
1684063042.590095043182373
1684063042.640094995498657
1684063042.690094947814941
1684063042.740094900131226
1684063042.790095090866089
1684063042.840095043182373
1684063042.890094995498657
1684063042.940094947814941
1684063042.990094900131226
1684063043.040095090866089
1684063043.090095043182373
1684063043.140094995498657
1684063043.190094947814941
1684063043.240094900131226
1684063043.290095090866089
1684063043.340095043182373
1684063043.390094995498657
1684063043.440094947814941
1684063043.490094900131226
1684063043.540095090866089
1684063043.590095043182373
1684063043.640094995498657
1684063043.690094947814941
1684063043.740094900131226
1684063043.790095090866089
1684063043.840095043182373
1684063043.890094995498657
1684063043.940094947814941
1684063043.990094900131226
1684063044.040095090866089
1684063044.090095043182373
1684063044.140094995498657
1684063044.190094947814941
1684063044.240094900131226
1684063044.290095090866089
1684063044.340095043182373
1684063044.390094995498657
1684063044.440094947814941
1684063044.490094900131226
1684063044.540095090866089
1684063044.590095043182373
1684063044.640094995498657
1684063044.690094947814941
1684063044.740094900131226
1684063044.790095090866089
1684063044.840095043182373
1684063044.890094995498657
1684063044.940094947814941
1684063044.990094900131226
1684063045.040095090866089
1684063045.090095043182373
1684063045.140094995498657
1684063045.190094947814941
1684063045.240094900131226
1684063045.290095090866089
1684063045.340095043182373
1684063045.390094995498657
1684063045.440094947814941
1684063045.490094900131226
1684063045.540095090866089
1684063045.590095043182373
1684063045.640094995498657
1684063045.690094947814941
1684063045.740094900131226
1684063045.790095090866089
1684063045.840095043182373
1684063045.890094995498657
1684063045.940094947814941
1684063045.990094900131226
1684063046.040095090866089
1684063046.090095043182373
1684063046.140094995498657
1684063046.190094947814941
1684063046.240094900131226
1684063046.290095090866089
1684063046.340095043182373
1684063046.390094995498657
1684063046.440094947814941
1684063046.490094900131226
1684063046.540095090866089
1684063046.590095043182373
1684063046.640094995498657
1684063046.690094947814941
1684063046.740094900131226
1684063046.790095090866089
1684063046.840095043182373
1684063046.890094995498657
1684063046.940094947814941
1684063046.990094900131226
1684063047.040095090866089
1684063047.090095043182373
1684063047.140094995498657
1684063047.190094947814941
1684063047.240094900131226
1684063047.290095090866089
1684063047.340095043182373
1684063047.390094995498657
1684063047.440094947814941
1684063047.490094900131226
1684063047.540095090866089
1684063047.590095043182373
1684063047.640094995498657
1684063047.690094947814941
1684063047.740094900131226
1684063047.790095090866089
1684063047.840095043182373
1684063047.890094995498657
1684063047.940094947814941
1684063047.990094900131226
1684063048.040095090866089
1684063048.090095043182373
1684063048.140094995498657
1684063048.190094947814941
1684063048.240094900131226
1684063048.290095090866089
1684063048.340095043182373
1684063048.390094995498657
1684063048.440094947814941
1684063048.490094900131226
1684063048.540095090866089
1684063048.590095043182373
1684063048.640094995498657
1684063048.690094947814941
1684063048.740094900131226
1684063048.790095090866089
1684063048.840095043182373
1684063048.890094995498657
1684063048.940094947814941
1684063048.990094900131226
1684063049.040095090866089
1684063049.090095043182373
1684063049.140094995498657
1684063049.190094947814941
1684063049.240094900131226
1684063049.290095090866089
1684063049.340095043182373
1684063049.390094995498657
1684063049.440094947814941
1684063049.490094900131226
1684063049.540095090866089
1684063049.590095043182373
1684063049.640094995498657
1684063049.690094947814941
1684063049.740094900131226
1684063049.790095090866089
1684063049.840095043182373
1684063049.890094995498657
1684063049.940094947814941
1684063049.990094900131226
1684063050.040095090866089
1684063050.090095043182373
1684063050.140094995498657
1684063050.190094947814941
1684063050.240094900131226
1684063050.290095090866089
1684063050.340095043182373
1684063050.390094995498657
1684063050.440094947814941
1684063050.490094900131226
1684063050.540095090866089
1684063050.590095043182373
1684063050.640094995498657
1684063050.690094947814941
1684063050.740094900131226
1684063050.790095090866089
1684063050.840095043182373
1684063050.890094995498657
1684063050.940094947814941
1684063050.990094900131226
1684063051.040095090866089
1684063051.090095043182373
1684063051.140094995498657
1684063051.190094947814941
1684063051.240094900131226
1684063051.290095090866089
1684063051.340095043182373
1684063051.390094995498657
1684063051.440094947814941
1684063051.490094900131226
1684063051.540095090866089
1684063051.590095043182373
1684063051.640094995498657
1684063051.690094947814941
1684063051.740094900131226
1684063051.790095090866089
1684063051.840095043182373
1684063051.890094995498657
1684063051.940094947814941
1684063051.990094900131226
1684063052.040095090866089
1684063052.090095043182373
1684063052.140094995498657
1684063052.190094947814941
1684063052.240094900131226
1684063052.290095090866089
1684063052.340095043182373
1684063052.390094995498657
1684063052.440094947814941
1684063052.490094900131226
1684063052.540095090866089
1684063052.590095043182373
1684063052.640094995498657
1684063052.690094947814941
1684063052.740094900131226
1684063052.790095090866089
1684063052.840095043182373
1684063052.890094995498657
1684063052.940094947814941
1684063052.990094900131226
1684063053.040095090866089
1684063053.090095043182373
1684063053.140094995498657
1684063053.190094947814941
1684063053.240094900131226
1684063053.290095090866089
1684063053.340095043182373
1684063053.390094995498657
1684063053.440094947814941
1684063053.490094900131226
1684063053.540095090866089
1684063053.590095043182373
1684063053.640094995498657
1684063053.690094947814941
1684063053.740094900131226
1684063053.790095090866089
1684063053.840095043182373
1684063053.890094995498657
1684063053.940094947814941
1684063053.990094900131226
1684063054.040095090866089
1684063054.090095043182373
1684063054.140094995498657
1684063054.190094947814941
1684063054.240094900131226
1684063054.290095090866089
1684063054.340095043182373
1684063054.390094995498657
1684063054.440094947814941
1684063054.490094900131226
1684063054.540095090866089
1684063054.590095043182373
1684063054.640094995498657
1684063054.690094947814941
1684063054.740094900131226
1684063054.790095090866089
1684063054.840095043182373
1684063054.890094995498657
1684063054.940094947814941
1684063054.990094900131226
1684063055.040095090866089
1684063055.090095043182373
1684063055.140094995498657
1684063055.190094947814941
1684063055.240094900131226
1684063055.290095090866089
1684063055.340095043182373
1684063055.390094995498657
1684063055.440094947814941
1684063055.490094900131226
1684063055.540095090866089
1684063055.590095043182373
1684063055.640094995498657
1684063055.690094947814941
1684063055.740094900131226
1684063055.790095090866089
1684063055.840095043182373
1684063055.890094995498657
1684063055.940094947814941
1684063055.990094900131226
1684063056.040095090866089
1684063056.090095043182373
1684063056.140094995498657
1684063056.190094947814941
1684063056.240094900131226
1684063056.290095090866089
1684063056.340095043182373
1684063056.390094995498657
1684063056.440094947814941
1684063056.490094900131226
1684063056.540095090866089
1684063056.590095043182373
1684063056.640094995498657
1684063056.690094947814941
1684063056.740094900131226
1684063056.790095090866089
1684063056.840095043182373
1684063056.890094995498657
1684063056.940094947814941
1684063056.990094900131226
1684063057.040095090866089
1684063057.090095043182373
1684063057.140094995498657
1684063057.190094947814941
1684063057.240094900131226
1684063057.290095090866089
1684063057.340095043182373
1684063057.390094995498657
1684063057.440094947814941
1684063057.490094900131226
1684063057.540095090866089
1684063057.590095043182373
1684063057.640094995498657
1684063057.690094947814941
1684063057.740094900131226
1684063057.790095090866089
1684063057.840095043182373
1684063057.890094995498657
1684063057.940094947814941
1684063057.990094900131226
1684063058.040095090866089
1684063058.090095043182373
1684063058.140094995498657
1684063058.190094947814941
1684063058.240094900131226
1684063058.290095090866089
1684063058.340095043182373
1684063058.390094995498657
1684063058.440094947814941
1684063058.490094900131226
1684063058.540095090866089
1684063058.590095043182373
1684063058.640094995498657
1684063058.690094947814941
1684063058.740094900131226
1684063058.790095090866089
1684063058.840095043182373
1684063058.890094995498657
1684063058.940094947814941
1684063058.990094900131226
1684063059.040095090866089
1684063059.090095043182373
1684063059.140094995498657
1684063059.190094947814941
1684063059.240094900131226
1684063059.290095090866089
1684063059.340095043182373
1684063059.390094995498657
1684063059.440094947814941
1684063059.490094900131226
1684063059.540095090866089
1684063059.590095043182373
1684063059.640094995498657
1684063059.690094947814941
1684063059.740094900131226
1684063059.790095090866089
1684063059.840095043182373
1684063059.890094995498657
1684063059.940094947814941
1684063059.990094900131226
1684063060.040095090866089
1684063060.090095043182373
1684063060.140094995498657
1684063060.190094947814941
1684063060.240094900131226
1684063060.290095090866089
1684063060.340095043182373
1684063060.390094995498657
1684063060.440094947814941
1684063060.490094900131226